Time_Step,Qw,Qx,Qy,Qz
0,0.9999807434946804,0.002079295175647816,0.00584713802967846,-1.2176230476235719e-05
1,0.999747542532609,0.009151630017576691,0.020517762841523242,0.00034680831829169117
2,0.9982714907479882,0.02991353012829109,0.04951992173855865,0.01034354030591603
3,0.9937945966600852,0.05791520671546443,0.09479182179989516,0.005713055240452698
4,0.9866589531938038,0.0862573256921199,0.13404728126276239,0.03309244978862801
5,0.9706758074332889,0.13144337893096616,0.19906788995486174,0.029716833409068416
6,0.9662997709630328,0.1397401963824951,0.21443904989614884,-0.027446749013487308
7,0.95333622409233,0.1602948067469721,0.25464268383350863,-0.024753228746919827
8,0.9603136707079951,0.15051470349952867,0.23052529996060442,-0.044733253401225394
9,0.9584547936618688,0.1518911243752354,0.23538638310657967,-0.05372844210112255
10,0.9578610968851917,0.1523612215789517,0.23724428728166458,-0.05480260381662503
11,0.9578783819742461,0.15500543061780533,0.23840822506945225,-0.04004797179162151
12,0.95990881095878,0.1520723212968956,0.23233427964316256,-0.03833883464279698
13,0.9574698421927607,0.15659755354295762,0.2392637460229548,-0.03849113345685766
14,0.9564726687039466,0.16036582603987712,0.2415058028407888,-0.033433262705340916
15,0.9558386318171794,0.16162621566172483,0.2430854497123266,-0.034043214814232926
16,0.956635795631875,0.15893920179918525,0.24142685278445064,-0.03604662816135272
17,0.9566192924018445,0.15880278059517114,0.24151230516560457,-0.03651044690814038
18,0.9543834501428959,0.16370892696648268,0.24712573479087238,-0.03578391438756954
19,0.953686478883318,0.16641682023121207,0.24817884430807724,-0.03456592508784377
20,0.954198542792293,0.1659374332625181,0.24661454544060538,-0.033928972168859504
21,0.95332296395403,0.17118933795263255,0.24659508679415765,-0.032563785686320804
22,0.9523537066375756,0.1753106600535102,0.24750057282859253,-0.032125634231746546
23,0.9478001153653719,0.18871228503624132,0.25475978264835175,-0.034059770033760386
24,0.9489637855965591,0.18590442392082304,0.25274255985156546,-0.0320698804580308
25,0.9500077296682072,0.17910487431333522,0.2535954388186933,-0.033107566781888476
26,0.9513925066717627,0.17026724722169662,0.2543555160244074,-0.03412673790919849
27,0.950965048757687,0.17324665382259882,0.2539942304059708,-0.03373431340699382
28,0.951620903538372,0.16668575467303906,0.25593907631711343,-0.03359619549643894
29,0.9514720009570925,0.1778495171457243,0.24873068633269388,-0.034693318120440096
30,0.9493602273472124,0.18387836922432968,0.2522624031719894,-0.03560314604839051
31,0.9492653669470954,0.18610645199463036,0.25107263571398886,-0.03495973736167079
32,0.9494169828540349,0.1862849710735073,0.2504111431717243,-0.03463468775539932
33,0.9493344038688615,0.18543333434658232,0.2514532204053068,-0.033910855074183344
34,0.9483185340410744,0.18681825984143582,0.2542139406617455,-0.034149204342588384
35,0.9492280359693449,0.1838196421163497,0.2530517149559111,-0.03378319789288059
36,0.9486906714436361,0.19090886230979245,0.24970816501218535,-0.03443324750369791
37,0.9499763993126161,0.18757031546063457,0.2475794663099983,-0.032659230987443756
38,0.9502036356594635,0.1868761170227422,0.24722034953688848,-0.03274853341599307
39,0.950051321154441,0.1811137079196713,0.25223593323164684,-0.03126253289561348
40,0.9506447107593413,0.1754172340481532,0.25410603757125033,-0.030554043497088294
41,0.9509323996942136,0.1768879478587888,0.25182705250358667,-0.0319587349791363
42,0.9498786140638678,0.1781991230886602,0.25500497053518795,-0.030792143103176416
43,0.949737243004641,0.17371930562569876,0.2586908388297707,-0.029997033326951375
44,0.9515732590383613,0.17072088445506198,0.25345241206216157,-0.03353486415457034
45,0.9507976062340551,0.17619118772357054,0.2525464656244189,-0.03407139634300958
46,0.9494357575048039,0.18041237026064144,0.2546414319833379,-0.034363645698488716
47,0.9484515460727845,0.179484936508481,0.2589427560636275,-0.03425596883557647
48,0.9481753419953404,0.178582417161225,0.26052699823745384,-0.03460526408301726
49,0.9479425048030564,0.18541356640686857,0.2566962750078535,-0.03367253149208667
50,0.9495825366718812,0.17963147733451862,0.2548425920260656,-0.03287539639076805
51,0.9514442482844003,0.17347541206380068,0.2522250132235817,-0.032290347167392146
52,0.9516791943086155,0.17721948751968156,0.24846896959409598,-0.03410477257238315
53,0.9523944727676753,0.16642925045737958,0.2536781067486321,-0.02989131964645057
54,0.9514347597592636,0.17228225812715123,0.2531774466039738,-0.03149447550815868
55,0.9507521280937152,0.17694446905392713,0.2524746078283504,-0.03190012850156529
56,0.9514586519377219,0.1782956562215785,0.24881822126154182,-0.03204037130889534
57,0.9514173254099514,0.18222445056835082,0.2460225214383925,-0.03274509841080172
58,0.9527051109733053,0.1776479446925127,0.24466780675392172,-0.030526113576630327
59,0.9542979605422252,0.1766763754158409,0.2391569243701109,-0.030080332456596953
60,0.9524347816618284,0.18148926717784283,0.24257620833253055,-0.032960821152505856
61,0.9528730379387235,0.18058177716052518,0.2416231001607952,-0.03227185764192835
62,0.9520340518222626,0.18181770958061097,0.24389643125744953,-0.032985079560708924
63,0.9519368442122866,0.18699054795014275,0.24030220737199712,-0.03325099608438641
64,0.9530084352284129,0.17809226407349718,0.24306638202628458,-0.03125382839460832
65,0.9528715712346182,0.17775870351441236,0.24385814582578672,-0.03115793273236242
66,0.9519198468112577,0.17774390091648898,0.24763891712318692,-0.030507010012064174
67,0.9500828824762324,0.17646272218163273,0.2555945130853499,-0.02957818430134328
68,0.9480279337050354,0.1784241414131368,0.26229996998896576,-0.024629015809278405
69,0.9475374626555101,0.17456804897613715,0.265793604753387,-0.032442453871792315
70,0.9492962084569041,0.17169332062596313,0.2598787429615164,-0.04267494837160023
71,0.9490560967592793,0.17068144352744768,0.26152114526614195,-0.0420364201391315
72,0.9483295511889894,0.16632537111908713,0.26697816708867944,-0.04158835848836666
73,0.9487704830596267,0.16853850862643946,0.2636343590743803,-0.043889250394817614
74,0.9510417382369107,0.17033115581296077,0.2522733392915481,-0.053526365217786614
75,0.9499683455407888,0.17555126212164496,0.25247035295805265,-0.05477789440303724
76,0.951159724283838,0.173377958095817,0.2492892688031507,-0.05558887484388263
77,0.9509269642946029,0.17154267383370214,0.2517318496794075,-0.05424108671864188
78,0.9512706493701374,0.17845432403682093,0.24500389977038015,-0.056668288987617825
79,0.9504917461125444,0.18157177561098253,0.2453388278332747,-0.05836086386266102
80,0.9499593203559894,0.18427141911034817,0.2450192108755155,-0.05989090139399278
81,0.9511735460392504,0.18054499803443408,0.24358791107382782,-0.05776952984535343
82,0.9511389334639394,0.1723200154422183,0.25002258594912624,-0.055939682179874085
83,0.9517776376327736,0.17499859955604066,0.24515463167462376,-0.058258263139928004
84,0.951566579163221,0.17371279325481126,0.24702810369149628,-0.0576370268646833
85,0.9508680470574831,0.1747896936190828,0.24902007380118588,-0.05733692469680572
86,0.9499818638398928,0.1796763755132479,0.2491352279975553,-0.05641362094664763
87,0.9488125704009094,0.17989043415226205,0.25290180729959233,-0.058607284652418615
88,0.9489993930763444,0.1818624150841297,0.2512054374802418,-0.0567630346339737
89,0.9496828353308392,0.1803683614080087,0.2497384552688904,-0.05657270049128458
90,0.9485879429086012,0.1837998139997729,0.25129946743973713,-0.05698351170805292
91,0.946526558607767,0.18798772991672683,0.2552722758101019,-0.0598677914543732
92,0.9481956432046176,0.18438327565376927,0.25210411986828124,-0.05806326388007476
93,0.9494184830564729,0.1805955991382986,0.2501244552642683,-0.05854511492326073
94,0.9504543490457059,0.1714069422995483,0.25249846844968177,-0.05916683143609732
95,0.9500764023393982,0.1748236255695981,0.25149178865937305,-0.05952654783738357
96,0.9500126827490186,0.17660994467912777,0.25034633342841567,-0.060096117972763895
97,0.9494049646315611,0.1778402388559847,0.25181930050682566,-0.059917463805167485
98,0.9496058922731279,0.17502033488077123,0.2527835675412432,-0.06096720199829516
99,0.948896339215983,0.17193671650355954,0.25772527310986226,-0.060093148868467346
100,0.9486101049727851,0.17420070962499443,0.25768704976480744,-0.058226848559575085
101,0.9470988678979129,0.1759934565051946,0.26258907805048354,-0.05547083722500548
102,0.9469503563207727,0.17555756618088827,0.26350233522661864,-0.055055271779578675
103,0.9471822714528709,0.1725802674110823,0.26302102370396924,-0.06230358766086489
104,0.9479098421895927,0.1713990414697631,0.26011479859292325,-0.06655517422643371
105,0.948496602137498,0.17854917998821632,0.25266216103994976,-0.06808978218337092
106,0.9488236281629187,0.17513989790659998,0.2540290116406603,-0.06729784577451715
107,0.9473881078795882,0.17718312680639492,0.2580696624946987,-0.06679791855525954
108,0.9470908702598626,0.17929510091035136,0.2578263999225482,-0.0663151397717082
109,0.9467846500299483,0.18201505932706363,0.25731345404459194,-0.06526201815356047
110,0.9465485140293498,0.18632465583344282,0.2557714477273041,-0.06252999076329457
111,0.9459888474444597,0.18476830540572578,0.257720274157445,-0.06742428432257117
112,0.9442439191838669,0.18862397540190953,0.2605935814393037,-0.07010993011341562
113,0.9449166896402413,0.18840627996130246,0.2592518325825049,-0.06651323637505398
114,0.9449288075519077,0.18819315096646244,0.25923931001523876,-0.06699154223233716
115,0.9451469047048077,0.18663025962173513,0.2595127363823137,-0.06722807728775868
116,0.945477291619206,0.184390438225169,0.2595803251480659,-0.06849023375318208
117,0.9459895577451638,0.18460176706189876,0.2575692699599752,-0.0684398670879711
118,0.9450726728392217,0.18887173881188896,0.25772635538635763,-0.06886388799630887
119,0.946253718673201,0.18421497564003947,0.256981663487327,-0.06803798408510218
120,0.9468722550893057,0.1842997764957816,0.2545167760456569,-0.06846704051602236
121,0.9472989973781679,0.18367711712903473,0.2534035880062016,-0.06836627673837355
122,0.9465335894012978,0.1824529864031168,0.25748056526923463,-0.0669987342889009
123,0.9461702172428901,0.18583587772492013,0.2563340260006315,-0.06722955947392853
124,0.9444828942982375,0.18516503421079783,0.2623008466474073,-0.06974409173393367
125,0.9462376547034649,0.1832346248523297,0.25636318209980685,-0.0730567720349992
126,0.9464488664392725,0.18008078973276853,0.2578718477036046,-0.0728530201636662
127,0.94652539798802,0.18077072203225866,0.25683446318265896,-0.07380837040086749
128,0.9457329176794832,0.186104984565074,0.25575270269521383,-0.07446299887581097
129,0.944850019324385,0.18666523880601074,0.2582527642575056,-0.07563094180004362
130,0.94470303930502,0.18502087019092317,0.25938847034044576,-0.07759553193383628
131,0.9449905901027459,0.184580665883547,0.25837412687233113,-0.07852116251184223
132,0.9446675387119718,0.18672557671137577,0.2582562132454318,-0.07772083778369585
133,0.9437963576894711,0.1867894183052415,0.260982526942985,-0.07903334139293029
134,0.9456697526027932,0.18603649043110054,0.2546238026525898,-0.07915720032306671
135,0.9445410744201649,0.18749206651292044,0.2575176532072812,-0.07983446633209024
136,0.9450665988973999,0.18661887504481053,0.2562163680808006,-0.07984792954732367
137,0.9421277769619546,0.19035176775177873,0.26400811542612335,-0.08038141190378065
138,0.9440030690964895,0.1890930275047445,0.25987647437721506,-0.07460730896344471
139,0.9431130007854168,0.19365461972154474,0.2600212666740918,-0.07365254162098644
140,0.9428442500877796,0.19294283549494107,0.26066459625660765,-0.07662734868155284
141,0.9420370833766312,0.1905493633436971,0.2629887423397819,-0.08422585752072635
142,0.9423632265862153,0.19044656992443945,0.2615623527986516,-0.08524546193473742
143,0.9438015814991926,0.19074372697090564,0.2556407187039788,-0.08662117709535494
144,0.9434114787380499,0.1905318207573682,0.25730750252251533,-0.08640171416004469
145,0.9445992167324498,0.1892529937352348,0.25354501522144435,-0.08735301578681262
146,0.9446404659880989,0.19224552645287143,0.24962786363632503,-0.0915531390669385
147,0.9462661965200012,0.18498276935056018,0.2511742419701652,-0.08528282674537027
148,0.9480679289371823,0.17594721147235534,0.25345545259285135,-0.07726651568963737
149,0.9484627145831497,0.17120236950218437,0.2567022127199643,-0.07219557955356076
150,0.9473302253313821,0.1808929690007933,0.24884415501483395,-0.08899305846314094
151,0.9473913568957307,0.17939196213165404,0.25060163496733007,-0.08641158113078586
152,0.9471481670584911,0.18283507263758017,0.24707099981141692,-0.09185644726168081
153,0.9455190842906896,0.1855345661648836,0.2516218595867044,-0.09086817802857654
154,0.9453864358140769,0.1792030812995323,0.25622909088060203,-0.09207277348928672
155,0.9455285091807585,0.1845166264486356,0.2512018387686627,-0.09395258958469184
156,0.9455480776843264,0.18489239078193526,0.2506946670401633,-0.09437065505779213
157,0.9434169165707885,0.18754128059394284,0.2567162673391909,-0.09428439788577385
158,0.9450594617796663,0.18643515937927485,0.2526691028360409,-0.09090032739205055
159,0.9454736515424563,0.18179588805289418,0.2540726205725586,-0.09207026013554039
160,0.9456159138056203,0.17709964672031359,0.25651701551724304,-0.09297999483345026
161,0.945363988329835,0.17331488385820806,0.2611468607079627,-0.08972846674662091
162,0.9451835211161456,0.17171548910710138,0.2629180249049115,-0.0895321975118121
163,0.9453263833648842,0.17394619013312274,0.2634489538100641,-0.081825427519949
164,0.9459169420888066,0.1739859975199339,0.2583790837611063,-0.09061048731314895
165,0.9457674918404034,0.18076607002368386,0.25341457933324235,-0.09288988258933799
166,0.9445542344802015,0.17653085514039257,0.2608314432396924,-0.09284995167699901
167,0.9450606052072082,0.17753646036131962,0.2574262979456196,-0.09525208057450463
168,0.9452294915803556,0.1838797429824654,0.251864645726889,-0.09640357151222992
169,0.9458865654855494,0.18131669686409274,0.25221891573371946,-0.09385349870065178
170,0.9445559266513468,0.18879652566873079,0.24931661453341036,-0.10005597953561235
171,0.9474680294356442,0.19058689658714528,0.24209384413699342,-0.08585766522326985
172,0.9488807135028992,0.18099902321398595,0.24803531345388305,-0.07309738995098193
173,0.9517847807925204,0.1707240257006031,0.24872138948704928,-0.05564807734275431
174,0.9528140587439313,0.16446432991998658,0.25067194282425,-0.04754398726024309
175,0.9506538791101178,0.17606941045645255,0.24754021967199807,-0.06309203181973001
176,0.9508288646890718,0.1728444378723788,0.2499562859689131,-0.059758894528758696
177,0.9488375812096297,0.18107417587227576,0.24961132269648417,-0.06792330158456046
178,0.949833081608043,0.18055918127180792,0.24764807508159495,-0.06233722844178572
179,0.9523782206142702,0.17500020991648002,0.24494995899142888,-0.048478541839474504
180,0.9499630664934497,0.18558988840944451,0.242625345677474,-0.065264900623671
181,0.9502387390025637,0.1787447225017373,0.2471279277838796,-0.06343855598797889
182,0.9478635879872735,0.18168221064703388,0.25270064728476654,-0.06847317550806907
183,0.9451278805819687,0.1840692176320499,0.25787067108175854,-0.07971530256358966
184,0.9446436980635756,0.18431082034383242,0.25108745857244985,-0.10311592195477759
185,0.9452522209780003,0.186830400205255,0.24824059988699856,-0.0998461058982523
186,0.9435956484736939,0.18855514303037998,0.25393877729155145,-0.09792501011474841
187,0.9436283242814866,0.18984200582195948,0.25721591848321745,-0.08582289739949141
188,0.9439607225677425,0.19028018142763892,0.25821697717476005,-0.07781773258055982
189,0.942508860134196,0.1923381495546852,0.25853382072754494,-0.08856268025774529
190,0.9442017437799061,0.18817917848318486,0.2532520850115307,-0.0945253683710921
191,0.945021509712912,0.18626346627956678,0.2501883321686575,-0.09821438670640172
192,0.9460265655790628,0.1792184108291006,0.25155735969543297,-0.09814985084877782
193,0.9462041294454308,0.17491277979322015,0.2517106540281644,-0.10365814745661199
194,0.9466613778812868,0.17220933549386397,0.25555865765281854,-0.09415918911797565
195,0.9467527560445284,0.1694863191665669,0.262886694717317,-0.07631639586656665
196,0.9465234333755815,0.16696224630962186,0.26874537377171487,-0.06318957552039349
197,0.9475566972978041,0.1727021289824168,0.2600421491029896,-0.06847160536249121
198,0.9492025043839047,0.16991368405280463,0.2551005992126421,-0.07118728765923107
199,0.948890470852712,0.17100950991293168,0.2552392718601711,-0.07221866756280444
200,0.9481844829431301,0.1702599489812793,0.2594090662252541,-0.06829840729404259
201,0.947671017854602,0.17193220187142766,0.26050356554906934,-0.06705857301111622
202,0.9481567201230248,0.17404808081662293,0.2579682179053249,-0.06448641872789411
203,0.9472348928561546,0.17425897011101116,0.2603396261481829,-0.06784650432162084
204,0.9487913129345735,0.17248053085069084,0.2566024105738977,-0.06481291433824808
205,0.9513114414635903,0.16525653127474696,0.2535511615170868,-0.05838346259722009
206,0.9495941894843273,0.1690126917575456,0.25711524161632876,-0.0599778113225969
207,0.9527227662877105,0.16253899886505527,0.2500773392293419,-0.057980417806452675
208,0.9533972779037927,0.1587362036694171,0.2511864607199212,-0.052362296371138754
209,0.9510495232251976,0.16566355981714806,0.2552328310328568,-0.05400547458163386
210,0.9509481701907989,0.16527315002697882,0.2558927553038668,-0.05386335743273472
211,0.951785217077646,0.16280043862334817,0.2544636039822231,-0.0533778229687366
212,0.9519565131477543,0.16420387349422122,0.25234887798542815,-0.055999364144235474
213,0.9524439430439439,0.16520056222059784,0.2494030094425268,-0.05794349387043863
214,0.953540925431079,0.16971696232023678,0.24054409967793083,-0.06398743891551181
215,0.9549172145915849,0.16934400706543767,0.23640856539848581,-0.05972194532916609
216,0.952725024630201,0.17309785552841137,0.23934512496851934,-0.07117633742088644
217,0.9514734841031239,0.1798119122653787,0.23639861771454102,-0.08050825298554425
218,0.9507978586653459,0.17817651107511356,0.2393380679897419,-0.08338975997945268
219,0.9543876486997406,0.1740079140417701,0.23254559852640236,-0.0691954222923001
220,0.9529173680658405,0.17977093911926822,0.22983252799545742,-0.08251004885385223
221,0.9524295280547458,0.17747597565560747,0.2339522985269963,-0.0815266469839137
222,0.9519329892302736,0.1780866802341175,0.23471265561060736,-0.08377760819290266
223,0.9523554165356644,0.17703814218707095,0.23416604562212082,-0.08272194318214725
224,0.9503445180986875,0.18537388161005994,0.23323762910862864,-0.08990010736577882
225,0.9492367149371561,0.1845968514798444,0.23433442485166517,-0.09980500372468125
226,0.9477384615135,0.17955813581522764,0.2375829677287112,-0.114477150016073
227,0.9483047138125984,0.18026473381097052,0.2417385847412982,-0.0989204334409231
228,0.9496371198850166,0.18056000344120404,0.2357230582388635,-0.10011026674782317
229,0.9497688222121236,0.17954236567143275,0.23553153017635667,-0.10113664803465205
230,0.9493349354605456,0.17636978560174124,0.2394393290656974,-0.10161538632257629
231,0.9494702140044646,0.17686395192911633,0.2391422221344689,-0.10018209829565172
232,0.9494272040240428,0.17427520823414772,0.23836550931352848,-0.10676151002929479
233,0.9494174650328975,0.17972092626451996,0.23576210630825697,-0.10355237796508666
234,0.9504372067207076,0.17726966144617554,0.23357879495272688,-0.10337083611991045
235,0.9506946120175722,0.17803632646719245,0.23123888736429246,-0.10493520910232733
236,0.9512802015639629,0.17486464192047235,0.2325165827756096,-0.10209982298125707
237,0.9504657731584276,0.17690113197764082,0.2346175466273382,-0.10136769886877443
238,0.9502160421731289,0.17677160054738844,0.23557313427540352,-0.1017181048015132
239,0.9487033529253456,0.17795569013718107,0.2411421408178213,-0.10071836187014063
240,0.9492785138938289,0.17729651507463443,0.2402282412321858,-0.09862373404208867
241,0.9485249726520875,0.17636037908576915,0.2409937383366542,-0.10544861794544713
242,0.9477214756066534,0.1773055531392887,0.2456446463051969,-0.10022700854317095
243,0.9484627488368282,0.17692104094308753,0.24744202340525104,-0.0888245708890134
244,0.9488171033446305,0.1766723578916067,0.2460319778961691,-0.08944969653511226
245,0.9476239211711229,0.17580346817953993,0.24661114224590078,-0.10141493539160178
246,0.9481052075851404,0.17609818728300003,0.2434157838311975,-0.10408986486408203
247,0.9478454341237588,0.17811832636181407,0.24579752526491866,-0.09719295961360222
248,0.9505055488553896,0.17364921578576806,0.23911489397525856,-0.09596467543478437
249,0.9521700567302475,0.16442107769930556,0.2427448468505453,-0.0860978025388663
250,0.9528141727876814,0.1621281672525975,0.24065811709630075,-0.08912508173293868
251,0.9527992608088032,0.16104611693571227,0.24360200037693855,-0.08304084678326278
252,0.9524437001927508,0.16337231650891215,0.2424845044589322,-0.08580063670485885
253,0.9527173173779345,0.16284159822746216,0.24008515874331227,-0.09039603755760645
254,0.9519006774441826,0.16613438765008365,0.24222566022054692,-0.08724216327073828
255,0.950786443267596,0.16684586612442803,0.24650789149283553,-0.0860317132661005
256,0.9481215186532359,0.16342871404673556,0.2517338364568259,-0.10481754087193636
257,0.9484267028794571,0.16189405094080855,0.25460245757511846,-0.09723525148775544
258,0.9472206484045442,0.16222794445106012,0.2530886354625933,-0.1113610339164518
259,0.9496397609267891,0.16578555030297276,0.2515945519978487,-0.08602126006199144
260,0.9489263651563131,0.16693026235348432,0.25319541798819284,-0.08697770594588529
261,0.9489863102172054,0.16603313323630206,0.2531137025614322,-0.08826910707440773
262,0.951668739204776,0.16367052496685627,0.24666856284429325,-0.0818119195581962
263,0.9510174394765532,0.1721697512157673,0.240961872412214,-0.08866105470476539
264,0.9498503031737852,0.1774642239832217,0.23876958786758878,-0.09633241757707213
265,0.9518700766632733,0.17237719996294706,0.23917237487699652,-0.08382143628980417
266,0.9504452301880314,0.17634438052244455,0.23850766886460076,-0.09311614126320403
267,0.9502443319453763,0.1760337733076613,0.23897669986081174,-0.09454076995872127
268,0.9495792048785352,0.18260641849598533,0.23566688924251847,-0.09703271046957596
269,0.9460252163848651,0.18559208764149587,0.23791122634144798,-0.1182798180145226
270,0.9449759958281837,0.1878435978106094,0.2388794866225608,-0.12112696207302656
271,0.9452912282433719,0.18763053300342744,0.23720151754373625,-0.12228948019325245
272,0.9474957756755252,0.18444011216862308,0.23582112980450162,-0.11234765167990289
273,0.94652724142767,0.18468198997274815,0.23738293037642202,-0.11673940286353246
274,0.9466500866002923,0.1857482945923712,0.23661253691854708,-0.11561008592961905
275,0.9438527145750499,0.1910248048405016,0.2390071481407042,-0.12460802647745119
276,0.9446935850962135,0.1875160006723629,0.23731079444627673,-0.12678866908830028
277,0.9427435184639409,0.19229349327507736,0.2414368019815692,-0.12635719800315873
278,0.9453410621640653,0.18810250441020612,0.23927495556930717,-0.11702657671841647
279,0.9449358302601362,0.18608668942683584,0.24021288131429266,-0.12151457673642665
280,0.9440723042657064,0.18008928804112231,0.2416586958271524,-0.13377745468650948
281,0.9422391214725829,0.18432862810999692,0.23178921110484585,-0.15646774888472975
282,0.9403520482671485,0.18852733246150102,0.22367663400758703,-0.1736785353282471
283,0.9418626501594004,0.18401258197561257,0.22678617297154618,-0.16613894684359534
284,0.9386072935566265,0.18879457177949585,0.21416977615714114,-0.19366017951479253
285,0.9339352722661229,0.1981082441898018,0.20979457028015516,-0.2109603495498662
286,0.9276842790340482,0.20868598572005798,0.2173972347117973,-0.22043248430480877
287,0.923810491845418,0.20735424543062178,0.21794428977116626,-0.23680937188879642
288,0.9239525336559056,0.20760805768357957,0.21936933468513242,-0.23470770105705158
289,0.9250823338820598,0.2083403253240062,0.2161772304838089,-0.23256050697304284
290,0.9253758654944167,0.21100874596801386,0.21581940785091097,-0.2292963145808224
291,0.9207053050033116,0.21400470214131911,0.21820416193066283,-0.2426740046158662
292,0.9230054385399287,0.21321248784735433,0.21758864196959463,-0.23506717835011193
293,0.9226294832648669,0.216327745453529,0.2180925634474799,-0.23322259094329786
294,0.9267835027330696,0.21500362526889621,0.2173448559430547,-0.2181902696688082
295,0.923365914278709,0.2210677154873762,0.2164059233464902,-0.2273607922619678
296,0.92242103201348,0.22510120547524476,0.21558446390971905,-0.22801803857049857
297,0.932682821741295,0.20828956120673697,0.21932050353976348,-0.19651139775612372
298,0.934557051841061,0.2035904698939793,0.22089813803360364,-0.19067786981131304
299,0.9353271543233999,0.20140305899238495,0.22064672184137002,-0.18951239103145118
300,0.9364915574058907,0.19788913404351985,0.22629134912624985,-0.18059811418067664
301,0.9363535144294767,0.20036204078765601,0.23255748851262603,-0.17033544306360135
302,0.9359147418453383,0.20115127884722633,0.23394206058442216,-0.16992019098451455
303,0.935933480766335,0.20131396893035097,0.23326616452921353,-0.17055234381254356
304,0.9352310748629287,0.20157578541981272,0.23416720641549965,-0.17284605515509263
305,0.935816125005486,0.19865023571986687,0.22865497660590384,-0.1802863436356492
306,0.9355822738175402,0.1997145662455305,0.22669507948168546,-0.18278195175277243
307,0.9358183936954727,0.19846482644280009,0.22538775450003323,-0.18454269643550558
308,0.93419135409261,0.20406129468802395,0.22008627836432393,-0.19289254009578616
309,0.9345180214891197,0.2043261821711087,0.21630877700023216,-0.19528797142708
310,0.9340219784491328,0.2038431746984609,0.21886799884426464,-0.19531436963195334
311,0.9327276714552373,0.2067227239131729,0.2209915832664468,-0.19608040811105554
312,0.931856548901936,0.20698536620824376,0.22250428369209024,-0.19822278926218945
313,0.9327913460419011,0.20119774596865356,0.22109606160966666,-0.20133629406335568
314,0.9335660554269892,0.20011925522193008,0.2272992007600442,-0.19168144714018853
315,0.9319248064219716,0.19531989588091997,0.23062070520227468,-0.20045045218318333
316,0.9320326603831434,0.20052609205389907,0.22489883209932493,-0.20130802692657535
317,0.9316501447969715,0.19684181757506822,0.2245152515027464,-0.20706088089299723
318,0.9298867800019315,0.1950989967223642,0.22043941716689788,-0.2205752053488442
319,0.9271734954883138,0.2070537585855865,0.21411622157299454,-0.22722740587100787
320,0.9276145513993259,0.21093327245925417,0.2031354526615548,-0.2318930496453968
321,0.9328469961388296,0.19879004004843087,0.21436522239837197,-0.21053872137543292
322,0.9339655855429237,0.195959009635997,0.21558047548811055,-0.20696233993715574
323,0.9331117688393517,0.19732744229539867,0.21198605206400498,-0.21313427950700392
324,0.9352386612622073,0.19250125630602022,0.21524811746452044,-0.20479297040928474
325,0.9357222509380829,0.1922074260354767,0.2179973500441194,-0.19989329616054077
326,0.9374141164028821,0.18582477305191938,0.22447782830515972,-0.190613831314009
327,0.9360593688767481,0.187617964882401,0.22023354814469726,-0.20022372852148984
328,0.9367630545510831,0.18331486842353903,0.22316756955216985,-0.19765342026679616
329,0.9345079559491866,0.1891723841141113,0.2161141869632353,-0.21024592160010197
330,0.9323693713368244,0.19112628101448823,0.20640182009526772,-0.227060319650763
331,0.9330563227118549,0.19054856447655338,0.20923917261966546,-0.22207231224264265
332,0.9375432359664433,0.17860044476324433,0.2127511221870838,-0.2094075496062108
333,0.934851205061966,0.1803198787405457,0.20677237722320038,-0.22535116982756326
334,0.9320527834969274,0.18958462012073932,0.20664801445056757,-0.22941638719355414
335,0.9292732772113327,0.19728335465926425,0.20668266743873198,-0.23412118489301073
336,0.9321364994742543,0.19631870139994595,0.20271796154800106,-0.22690513853667013
337,0.9326119731619267,0.1969747612245885,0.20034103759427188,-0.22649353105814043
338,0.9319302614177741,0.19875407859514838,0.1986421070872997,-0.22922503656344073
339,0.9331099421655471,0.1967502007245354,0.19909222335806212,-0.22573763741345346
340,0.9303454160931731,0.1996899681860984,0.20034944168548577,-0.23332686209815162
341,0.9242626326329287,0.21090164935261826,0.19913938569137837,-0.24819868107073734
342,0.9192515023000647,0.21772154651029105,0.19759553853620312,-0.26178236543898303
343,0.9159243839523127,0.2217707158461966,0.19791041221379138,-0.26968822965047834
344,0.907301507631476,0.2232019066411265,0.19637411858665452,-0.2973585187458587
345,0.9103887015289317,0.22439896405120063,0.19773354842502727,-0.28590026388316087
346,0.9073606171630901,0.2234285176906406,0.1966939063403953,-0.29679608338476304
347,0.9073085494252002,0.22388197836794085,0.1969510470212324,-0.29644281232513675
348,0.9056616432743501,0.21958082783288319,0.19453165438553577,-0.3061350737694986
349,0.9047379017952782,0.21730491181099798,0.1872548015659906,-0.3149024351261405
350,0.9044459219494292,0.21751437647696534,0.18791027457778814,-0.31520596282904384
351,0.9042410350692293,0.22029636942559613,0.1891168493253407,-0.3131333221107049
352,0.9042201836158283,0.2199682186575605,0.18789630769407,-0.31415731708383393
353,0.9041907269487498,0.217562946725204,0.18972626512093962,-0.31481651455315424
354,0.9036422123932336,0.21480258916758788,0.18995092108059725,-0.3181340083181853
355,0.8986863945622259,0.21251388940508698,0.1810140376130135,-0.3382817305526625
356,0.893603335231245,0.21727358274051306,0.17443921727854217,-0.3519037211822949
357,0.8999977924173981,0.2160825498242631,0.1867332564973515,-0.32930684205334887
358,0.9009020245704348,0.21668921441620026,0.19330626218817443,-0.32257404650625315
359,0.9053392722054038,0.2160240417167259,0.19465320955747503,-0.30952309059573174
360,0.8980673239854897,0.21054583856889814,0.19329028308489354,-0.33434173821977803
361,0.8922438490968346,0.2087427148501743,0.18887566419599572,-0.35306285024109446
362,0.8998546195878948,0.2062211704264553,0.19861647333263663,-0.32906836523004424
363,0.9018049934272057,0.20501636213268806,0.20147501909049237,-0.3226822923095126
364,0.9069335529267696,0.2066142496590576,0.20566828851542626,-0.3041095814218722
365,0.9098240199481563,0.20972915452554877,0.2068065956287737,-0.2923439181372038
366,0.9154822344518084,0.21031963765032208,0.20948354718780787,-0.2716147490092814
367,0.9146424683898574,0.21032461204775013,0.21029430623113046,-0.2738047065911024
368,0.9125737838996445,0.2142922643644528,0.2096420827801587,-0.27809730581261943
369,0.9204888766855739,0.21214831047202193,0.2096137635750974,-0.2524983017405864
370,0.9138411508972171,0.2237103513233506,0.20720978642360674,-0.26816437878270866
371,0.9029413039347162,0.2244970125926096,0.2059606106298261,-0.30311436761502636
372,0.9029833067035032,0.22228974735186527,0.20413941182179376,-0.305835767329629
373,0.907402639776181,0.21466291020289996,0.1997123261723132,-0.30109013780807153
374,0.9074743713998531,0.21383014034041456,0.1986851326880699,-0.3021442608807323
375,0.9075181256978062,0.2126180041912952,0.19402433953893225,-0.3058741432192862
376,0.9061486290530688,0.21527430247238882,0.19707527880370848,-0.30612574417175514
377,0.9087504361298582,0.20635565382919452,0.20099795904838144,-0.3019765047564191
378,0.9093792817583881,0.2067927136428985,0.20278929892500355,-0.2985675731460298
379,0.9088339022290359,0.20085890872506432,0.20343812210549683,-0.30379198050493117
380,0.9076425371712771,0.2011615059418434,0.2018310376697343,-0.308193616867149
381,0.9131511428118197,0.19748832120321888,0.21254780101541465,-0.28631588438875233
382,0.9100599946566029,0.19695669393998175,0.20826726587309238,-0.29937203076373464
383,0.9074076878330534,0.20031276720557342,0.2020944020413705,-0.3092635381344826
384,0.9087835454715476,0.20352271599517235,0.20557368076735674,-0.30071653318345026
385,0.9090713397974756,0.203553470039372,0.20174762527111995,-0.3024122677591258
386,0.907609395520661,0.20839275664949305,0.1983233052392568,-0.30575400363302213
387,0.9068130950926816,0.2104667376194603,0.1969706313677794,-0.3075651691964332
388,0.9035171227013465,0.21449745260358347,0.19721124167558968,-0.31425368409745913
389,0.9047032110592239,0.21278144373495222,0.19676609985147323,-0.3122807375590733
390,0.898482565644766,0.22157626226586052,0.19762035823336319,-0.3233871259719634
391,0.9101274743171535,0.20540259552957582,0.19641688363028056,-0.30149322060000167
392,0.9076665182419751,0.2097794404572614,0.18802639972016166,-0.3110950835873211
393,0.9096157005834613,0.20725172772013384,0.18852979799653205,-0.306761330477727
394,0.9155857641333649,0.19731242720031075,0.20118867802177964,-0.28686866406858247
395,0.9166723759745968,0.19486778802563853,0.2042402549349281,-0.28288552203885947
396,0.9185668505390245,0.19522517798381894,0.20974129917124604,-0.27226945916492623
397,0.9203260349633966,0.1982972451777769,0.210149430482126,-0.2636577493484603
398,0.9191295125312655,0.20304334876982752,0.21322229617902114,-0.26174527718092305
399,0.9124945553664124,0.19879521440910256,0.21039097126364797,-0.2890843966135691
400,0.914581460093089,0.1976842004908794,0.21541501887001513,-0.2793887602884311
401,0.9138880489756233,0.1974256749108884,0.21411159103803923,-0.28282143378582286
402,0.9118116551404557,0.19799663785500127,0.21137729254988907,-0.29106095090619194
403,0.9141174612485772,0.20255298603835034,0.2090859809870273,-0.28221376196439474
404,0.914585483276128,0.20076864756434346,0.20845143709674452,-0.2824417502920874
405,0.9155539658611893,0.19900205913765823,0.2062955811086828,-0.28213693354442465
406,0.9155829455792387,0.19806418638459738,0.20739915827257172,-0.28189366254685716
407,0.9162932606294931,0.19376666399792214,0.20879910330441437,-0.28153876270837136
408,0.9156007203403663,0.1910343379818456,0.20606429349882877,-0.28760860482410616
409,0.9159414280978673,0.18968697883118713,0.2072801072444357,-0.286539888142421
410,0.9185393958934694,0.18564567677029872,0.21421537605900554,-0.2755591289506793
411,0.9192717284025231,0.18021991624093883,0.21956523792875385,-0.27249105938220475
412,0.9179275615469052,0.18758847278035518,0.21168955037658652,-0.27822129841880344
413,0.9183740164977678,0.19161138842159717,0.21731189815608923,-0.2695362323857465
414,0.9174268412146254,0.18962585930198872,0.21479607145772256,-0.27610264792150396
415,0.9180549264776939,0.19141006257517146,0.21241599763277177,-0.2746211642693972
416,0.921090325299285,0.18846720362339386,0.20661361675646223,-0.2708939629619844
417,0.9205284394880083,0.19006744752005053,0.20343721656768748,-0.27407126154009115
418,0.9228874962312401,0.18713716985021062,0.20167955821944533,-0.26941363134944607
419,0.9195920096797806,0.19196270925602602,0.19755136999128353,-0.2801326653618884
420,0.9186084590291824,0.1927971437289542,0.19758273611220842,-0.2827522285684081
421,0.9165562862007492,0.19308817585899202,0.2030376146837628,-0.28533709466675533
422,0.917983601062952,0.1938797623520973,0.19840159227509116,-0.2834670247356785
423,0.9212436807018309,0.1918986261810247,0.19292808774167472,-0.2779635785442384
424,0.9202555965389254,0.19317699992789505,0.19184910801523525,-0.28108042175043635
425,0.9102710483724293,0.2046597061539226,0.19078571594540628,-0.3051587025846508
426,0.9098917083904874,0.210067594070913,0.18603154046208376,-0.3055502428027219
427,0.9152063464516755,0.20836928202966593,0.18315317478634785,-0.2922918067389142
428,0.9026055122777266,0.2151015209590418,0.18496060560439156,-0.32376565485150877
429,0.9054275692813288,0.21319601367495428,0.18421031542058192,-0.31751367880937553
430,0.9116997679942276,0.20637996303991069,0.18406374773214804,-0.30386079159001883
431,0.9110475019692655,0.20686402645164376,0.18421891708063662,-0.3053901018458401
432,0.9096210340330156,0.2077588523295777,0.1853607977976936,-0.3083297072343284
433,0.906963745893178,0.20961089857498486,0.18771541595767968,-0.3134373261847372
434,0.9052633667165062,0.21568810701721336,0.18992982266143485,-0.3128954135749249
435,0.9048544635976628,0.21750616210907758,0.1898729266834668,-0.31285418466854586
436,0.9050470393116212,0.22066489407210219,0.18979397300656578,-0.3101211198351374
437,0.9005678285578839,0.22296669273427577,0.18978745661277008,-0.32131629496515274
438,0.9112530032893117,0.2195397125550445,0.18973297790238808,-0.2922698679367242
439,0.9118011388597687,0.21714394634859577,0.1895730725659128,-0.2924538252376028
440,0.9133656137030448,0.2123794952171244,0.19022274510038442,-0.29064327441496723
441,0.9117505256975565,0.21192813745608485,0.193403933122341,-0.2939257765107255
442,0.9115703117163902,0.2172134343427609,0.1956086701757946,-0.28912823952420014
443,0.9101405170550888,0.21156804311223598,0.19406389548685876,-0.2987011998918321
444,0.9105148553925815,0.21335845106649826,0.1905876185711271,-0.2985250895910047
445,0.9093694551176477,0.21986732872451745,0.18831629548075068,-0.2987348736170328
446,0.9099927425434088,0.2183514538074511,0.18844745934457616,-0.29786474481729464
447,0.9080790285920608,0.2191323422470792,0.18995468679698155,-0.3021435277752429
448,0.9124645504843213,0.22038821156956193,0.18515966916677534,-0.2907806341981289
449,0.9068225321257909,0.22610900497762645,0.18466260703156348,-0.30405153290405057
450,0.9078692411100499,0.22569594100071164,0.18380742161921043,-0.3017442874683181
451,0.9078494479856019,0.22382116582925152,0.18473674548646854,-0.30263145967684896
452,0.9095871078058172,0.2212151405911078,0.18376320554156003,-0.2999103852416512
453,0.9124181368439869,0.2191161088112482,0.1788369954304964,-0.29580162860092185
454,0.9098885556050444,0.2220615803282143,0.1819426838087413,-0.29948010072386166
455,0.9124601647495493,0.21703159196651256,0.18176557455231449,-0.29542344480655824
456,0.9129870649185673,0.21537916331231255,0.18395543860844377,-0.2936440564844504
457,0.9147542416884848,0.20879125447374497,0.1823401916567161,-0.29390975464383096
458,0.9175428803280932,0.20827912873430798,0.19037698594251862,-0.2801632925926348
459,0.9186638205063441,0.2052730422102871,0.19535271127874973,-0.2752400429270108
460,0.9188912908418749,0.20166812175460785,0.2006152398495795,-0.27335378143171407
461,0.9220908721417257,0.20056326554043918,0.20658041080983972,-0.2585485136261756
462,0.9215326500919194,0.20138989691065035,0.20336853910591912,-0.2624136458700384
463,0.9195840710653066,0.20105353781409185,0.19944646654585338,-0.27233016387790815
464,0.9210102542584965,0.19939306278161498,0.20547180866979448,-0.26412847992450617
465,0.9171950702606677,0.1971836468443082,0.20300731182607185,-0.28046362304559236
466,0.9136470874432392,0.19779673859631688,0.19705088152259895,-0.29545964174200334
467,0.9104428405239074,0.20158630288825327,0.18999824830341008,-0.30717659785250556
468,0.9088295929080294,0.21211508205097662,0.18976410850495826,-0.30500089531745866
469,0.9052361484697138,0.21626187333544672,0.1923292993185996,-0.3111073098928696
470,0.9067262121224478,0.2107543127949103,0.18934736228881807,-0.3123744104159144
471,0.9058322909952288,0.2177940723271696,0.18788022099446064,-0.3110219047085838
472,0.9017710143629832,0.2219229517557562,0.18873679225319462,-0.31927678335378995
473,0.8985196466174274,0.22055249284432873,0.18887016802445472,-0.3291612100066767
474,0.9027598729935801,0.22113930914064828,0.1854851057063605,-0.31893148672796834
475,0.9046816491224019,0.21832747613801595,0.18513166033710435,-0.3156113040516805
476,0.9069460261618049,0.21496674845418295,0.1842961880609955,-0.31188638597177154
477,0.910616656988134,0.2070349605646247,0.18767163290979585,-0.3044555588599594
478,0.910864350588426,0.2038612915714587,0.18487809849508957,-0.3075496664325647
479,0.9099931846276303,0.2008388208364952,0.17931387087394884,-0.31531366555934465
480,0.9108190277621095,0.2003203649449042,0.1804744026843705,-0.31258509246370914
481,0.9121500277342105,0.19843246585837349,0.18211338317025702,-0.30893623786815205
482,0.9083162673485927,0.19869139908959318,0.17279266524711348,-0.3250015095880922
483,0.9006494492355106,0.20485659719817947,0.1634845739193505,-0.3466080470308831
484,0.8989144905385879,0.20772793008083565,0.16532162902969913,-0.34852633292055446
485,0.895821229905718,0.21352048562998988,0.1749748106335313,-0.3482773921894731
486,0.8935391422134467,0.2109995643172383,0.17536590807290695,-0.3554065045495906
487,0.8941515676560223,0.2127923679521233,0.17519576578532423,-0.35287225146007095
488,0.8941850032871854,0.2152179550951927,0.17742879298172848,-0.3501905697216685
489,0.8938394772388143,0.21867019794823078,0.17971583484904094,-0.34775933080686233
490,0.8955857261386304,0.21514006280977488,0.17695457212831753,-0.34688332319936044
491,0.8971565383477523,0.20770213879608937,0.1730478748457884,-0.34931991104253457
492,0.8960594282617553,0.21004781450178223,0.17219924679368853,-0.3511478834478821
493,0.8953358279151961,0.21167866426488774,0.17182521974343537,-0.3521959571127466
494,0.8953804168696599,0.21135766318358962,0.17042105293483173,-0.3529568132455721
495,0.8938629264377248,0.21453847121227396,0.16997298473771047,-0.35509364619694483
496,0.8926665670271857,0.21910690475935327,0.16726930242272986,-0.3565943702103104
497,0.8886800898700387,0.22029379101621682,0.16941135430491217,-0.3647165153113562
498,0.8889539240023298,0.21834403980300968,0.1688889112159045,-0.36546318138995637
499,0.8901971741145795,0.21806277812251987,0.16640761672886206,-0.3637390838094334
500,0.8915887439495371,0.21753915416205108,0.16322447098613346,-0.36208286363792896
501,0.8869300715973406,0.2244451726625057,0.1598953396095288,-0.37069245060560335
502,0.8838544282002694,0.225946269434069,0.16088681702826635,-0.376649791166961
503,0.8803946096045455,0.22576804969712735,0.1633773512704678,-0.3837212011435669
504,0.87918364831719,0.2262431897933096,0.16391283805188525,-0.3859827886390796
505,0.8771222314504593,0.2271425436885166,0.16542874309759267,-0.3894819468206811
506,0.87669813150136,0.22562728008619692,0.16351146956251356,-0.3921182424020032
507,0.8744372333637952,0.2235437216718979,0.16469409805246504,-0.39782355822001503
508,0.8754471306065341,0.22502584617193308,0.16515647552501359,-0.3945618185526153
509,0.8749530647468053,0.22481488643309064,0.16533446526096449,-0.3957018017713845
510,0.8740519358525154,0.22417692821655313,0.16612245288314834,-0.3977200635320613
511,0.8752828368934573,0.22670631325862003,0.17238500473387858,-0.39085497708399014
512,0.8777839544073834,0.22798037421389786,0.17340400524638377,-0.3839939183408248
513,0.8806197712379574,0.2240139104789402,0.17018967386649442,-0.3812637687034493
514,0.8807692335412463,0.22631948700169424,0.1700570955780968,-0.37961247515591184
515,0.8850332609203944,0.21818937031732463,0.16510037484828763,-0.37663163962962193
516,0.8907388942143974,0.21127930319021715,0.1756419405868364,-0.3620706934896265
517,0.8962251049685447,0.20731994704849355,0.1878529124697939,-0.34425322664652996
518,0.8980503131352555,0.2070992469212753,0.1900032692793889,-0.338399607957004
519,0.8918709208569909,0.20704728576652692,0.18061825151629904,-0.3592697165161744
520,0.8945021579245849,0.2069224361681781,0.1853553607594854,-0.3502747280581462
521,0.8944423570206054,0.20707229143696937,0.18548296135596698,-0.35027133358738827
522,0.8947316452176134,0.20968149782948572,0.1823804609914803,-0.3496088099043007
523,0.8941928431914733,0.2069111157568401,0.18351032668820486,-0.35203822144789504
524,0.8969387374748747,0.20599135243142394,0.19567576211702162,-0.33879117470851156
525,0.8918067379498205,0.20419146721008458,0.1864865596869409,-0.35806333227799564
526,0.8919801677261995,0.2038676579168407,0.18696701533155238,-0.3575649502071676
527,0.8922849348512568,0.20116587054707458,0.19066260122631987,-0.35638134078279043
528,0.892886570569307,0.20450030193526988,0.1872087196069658,-0.3548043036780784
529,0.8932396592590237,0.2046109477202131,0.1914754298013696,-0.35155999627693735
530,0.8962095845854848,0.20730826401792327,0.19285405668702912,-0.3415244895850717
531,0.8999483675116701,0.2033707709039532,0.18944196258046936,-0.3359241107284085
532,0.9014458632055888,0.202170847461149,0.18463888183413718,-0.3353070047902536
533,0.8965924477293488,0.21059889015460864,0.17493898258543378,-0.3480897046916435
534,0.8950854533448154,0.21282947459379703,0.17282268249234997,-0.35165034675197315
535,0.899622194360209,0.20452486199218436,0.18065506431566258,-0.34090062478485456
536,0.8987439538549158,0.20526364475163963,0.18285761677008214,-0.34159805845711677
537,0.8959041824616847,0.21323270064603886,0.18280071320462965,-0.3441967612786846
538,0.8897442668863553,0.2188713955764474,0.18406183966762404,-0.35576915397410463
539,0.8765057972338768,0.22266773036129495,0.18507515287328932,-0.38458270509746584
540,0.8820907993862293,0.22010976562231171,0.18139104810703557,-0.37491972525126666
541,0.8737416704278096,0.21852067087686083,0.18445536955131817,-0.3934468533375688
542,0.8707102887711926,0.21768412647660124,0.18676727723101832,-0.3994936773765228
543,0.8758450333511442,0.21873457581649372,0.1918502775729791,-0.38502484840810264
544,0.8827432613442254,0.21786496940823918,0.19182650267406748,-0.3694614763787202
545,0.8844659318232045,0.21700605917427054,0.18720961955895216,-0.3682131774805946
546,0.8852367031748597,0.21692586240036696,0.1865375944752364,-0.3667463366161341
547,0.8831042846186139,0.21650059969415367,0.18883157729941533,-0.37094062629339075
548,0.8808514882338583,0.21540570630706218,0.19092212968693598,-0.375832113798645
549,0.8805079612004353,0.21518820189627735,0.18650715091225187,-0.3789655006539437
550,0.8800740212437173,0.2132562724795743,0.18994261450431066,-0.37935904177348606
551,0.88027186537832,0.21555808379067892,0.18555316093766425,-0.3797712206077562
552,0.8799498226852945,0.2134044611477666,0.18861424434227317,-0.38022560717229886
553,0.8791811667893809,0.2131181074172086,0.18200299395558522,-0.385351863165307
554,0.8778757471608425,0.2145718714377534,0.17969733985509237,-0.38858969438663205
555,0.8761816357716127,0.21670748790505814,0.18015810459306414,-0.39100724184072966
556,0.8723866316001483,0.22433604453092254,0.17784594278065222,-0.39621424099346575
557,0.8756423429003702,0.2207193176392061,0.17762818258375296,-0.3911287497651209
558,0.8704078239132442,0.2308721379145184,0.17158315258350337,-0.3995591292348313
559,0.8634579584874879,0.23205041605650267,0.17348764360051552,-0.41291039687874675
560,0.866212744767839,0.23227940458899532,0.1720647148087194,-0.407572684221284
561,0.868177000693963,0.22932586983394948,0.17289852369106407,-0.4047029051000098
562,0.8702175080982354,0.22721073496877545,0.17208895481235578,-0.4018484318071151
563,0.866599765259416,0.22904404358362246,0.17545454892603643,-0.4071355722758084
564,0.8657523361661636,0.22661930139820508,0.17619157067842933,-0.4099672121993263
565,0.8650600522904289,0.2293163719109375,0.18096943440876898,-0.4078420911512875
566,0.8665490467760789,0.22993496992605794,0.1809894124553329,-0.4043086589669397
567,0.8658789047182178,0.22850579862882028,0.180138750734931,-0.4069261024321769
568,0.8685538668408371,0.22967727785168945,0.1762321017683017,-0.40224964231282334
569,0.8707661958799171,0.22766795080224067,0.17447290276915636,-0.3993654247548616
570,0.8718097970316506,0.22515076536969325,0.17714390738598126,-0.39733467848792225
571,0.8713977542593544,0.22622579178307772,0.1731903218157122,-0.39936569386120735
572,0.868850254217764,0.2299197400606434,0.17419675444724256,-0.40235760166327156
573,0.8646939821903195,0.2295774370811414,0.17955256421185536,-0.40909582524397575
574,0.8646378191736606,0.22713957435296186,0.17423202352866168,-0.4128586409347388
575,0.8636771958476591,0.2304550759977126,0.1729189225507909,-0.4135833719378554
576,0.8623643121894916,0.23486136333686236,0.1701673883437239,-0.41498312377465635
577,0.8666210386122302,0.2345235604554256,0.16613827952048976,-0.4078783484127853
578,0.8644284508989794,0.23996598718100953,0.16199101664514876,-0.4110215186567554
579,0.8739392319581383,0.23682630298593726,0.16008225514873073,-0.39308674951584033
580,0.867711110774793,0.2361352231818679,0.1669850208020247,-0.40426920169433095
581,0.8672000846084352,0.23286896575022303,0.1713535254748819,-0.40543066898407343
582,0.8669035602741408,0.2300248774972557,0.17147351038331568,-0.4076317065111772
583,0.8654147069190472,0.22638533384056056,0.1665793581303586,-0.41479920818993266
584,0.859935059760222,0.22980982391029423,0.15944125833841674,-0.4269398353034832
585,0.8638199700157675,0.22368963959160304,0.15972468675377502,-0.4222156190653606
586,0.8653469102060847,0.22090773772724898,0.1609289706683161,-0.4200908982692288
587,0.8737037484993689,0.2141503766786359,0.16972970877080915,-0.4024589444739998
588,0.8657796370230704,0.21584055039533906,0.15943631337160405,-0.42239618712733334
589,0.868933348045932,0.21129684683905509,0.1609880573703393,-0.4176018732640986
590,0.8717268603076184,0.20831249269827304,0.16367625395385044,-0.41219930894615603
591,0.8712301644204078,0.21376050974545083,0.16539840117033114,-0.4097655597627167
592,0.8674057604738545,0.22331944840710713,0.1614770616231577,-0.41431971861048345
593,0.8675560360495073,0.22525046133554943,0.1580218670646494,-0.4142919785750027
594,0.8680898229607342,0.2261913434414105,0.15700047576349685,-0.41304768009783904
595,0.8625317216977916,0.23045995386261492,0.15782614038555076,-0.4219219692569767
596,0.8605585457503582,0.2379200823139137,0.154510243650564,-0.42303617856492215
597,0.856030417107764,0.2417298215723195,0.152540753170702,-0.4307086451083111
598,0.8544124421749439,0.2435900292772779,0.15097732442839423,-0.4334156478506362
599,0.8513833364898076,0.24458875481330453,0.15081439635767133,-0.43883684122647604
600,0.8565157261932441,0.24563930785104263,0.14902239671505463,-0.42875921739295714
601,0.8495006699030652,0.2448984797758744,0.15130481618489855,-0.44213142733463673
602,0.8533573743643774,0.24527729187502686,0.1499889743286405,-0.4348833743525165
603,0.8567896165309913,0.23823477741969537,0.15199558349249553,-0.4313387142736448
604,0.8565008069929912,0.23605915550038364,0.1545993050333251,-0.4321822504546123
605,0.8568435958485366,0.24131738920788073,0.15389222902726885,-0.4288381416854852
606,0.8524434713275251,0.23783177775634418,0.15756277528905224,-0.43812115393295886
607,0.8558058314273629,0.24027425066074223,0.15327484640835876,-0.4317076381335323
608,0.8562001539367079,0.23991522709771612,0.15219374541680444,-0.43150787253700695
609,0.8549751475368175,0.23979426342523036,0.15423067517214467,-0.4332771712872633
610,0.8538897937973527,0.23625606188460224,0.15482386055341926,-0.4371325490910382
611,0.8553792298582193,0.23655372002098524,0.16258097498264124,-0.4312031275919583
612,0.8550437075168752,0.23664550873776047,0.16186236434291448,-0.43208764902432073
613,0.8570890834391506,0.23801479623654445,0.1565517143941665,-0.4292304981500737
614,0.8557869105315633,0.2388130822747457,0.15909461221917567,-0.43044857980960743
615,0.855571801579056,0.24256069451341083,0.1621122261719735,-0.42764568037746753
616,0.860398405533414,0.24857853866546795,0.1648673771034056,-0.41320944064426063
617,0.8606408159805415,0.24121029612989278,0.16296786627009188,-0.41779953742512765
618,0.8600404654435543,0.23866331164859012,0.1623775578204056,-0.4207181362727824
619,0.8599481451131682,0.2375870290439123,0.15937909496860295,-0.42265813068424213
620,0.8599967716608724,0.23832258510537876,0.1684576233452443,-0.4186047387434097
621,0.8615151725406801,0.23949224925806162,0.16888364529684147,-0.41462438951268565
622,0.8596765746183462,0.23793940946394757,0.16758295436464518,-0.41982970104892786
623,0.8570747102388583,0.23554722276559853,0.16659122946847127,-0.4268346391526511
624,0.8562353382203401,0.2360676985888232,0.16520879801034616,-0.42876466776735794
625,0.8557144470166292,0.23510635382491102,0.1669246860872301,-0.42966723953876224
626,0.8546033771409196,0.23233916247316272,0.17134473579410425,-0.4316393898571502
627,0.8529382772445723,0.2342612119088239,0.1650483098902234,-0.4363221690545314
628,0.8512422738287474,0.23136690826389902,0.1628669601885502,-0.4419618742450639
629,0.8453914866675919,0.23273098668141776,0.15325246834849862,-0.45570078237078454
630,0.8476011940264349,0.23798273622177224,0.16218941148573043,-0.4456804101004133
631,0.848876990649802,0.23933384996608004,0.15792819008026882,-0.4440561335954277
632,0.8509308700619839,0.23818025441992374,0.15411752199919346,-0.4420798685677097
633,0.8506689185968874,0.23916468899027105,0.15014447256155022,-0.4434177261145554
634,0.8495176170108343,0.23864572465203454,0.15510587975561432,-0.4441961307336836
635,0.8504730538991143,0.2367351696685531,0.1544317958329565,-0.4436246887508894
636,0.8496308093156474,0.23753755688907208,0.1501894393265552,-0.4462583660208329
637,0.8476784106506031,0.23957382888431877,0.14791712543485808,-0.4496289766392546
638,0.8455431287754104,0.24118010817327523,0.1470715198690499,-0.4530551189928491
639,0.8527913030968136,0.23243292968386575,0.1493954546392183,-0.4431736958509099
640,0.85485403213819,0.23047060957429033,0.15264200926165633,-0.4390994179774071
641,0.8583018699795495,0.22151560269379075,0.15222953847291187,-0.43712115639618665
642,0.8609274792861168,0.22117424717359616,0.1559687655412586,-0.4307662614142175
643,0.8625445856449959,0.23174385331599837,0.1612145800204551,-0.4199065174697619
644,0.8568047843338229,0.23875563049697754,0.16779829240943833,-0.42511768195775956
645,0.8722925243894598,0.23811268279997252,0.1696825922330499,-0.39193866876991856
646,0.8828992610852181,0.23222113850018047,0.16910605717878385,-0.3714369112437559
647,0.8799451941105101,0.22962363451438134,0.17188119549383313,-0.37871664403592453
648,0.8801180293232459,0.22863103508635166,0.17091221738863815,-0.37935355303833435
649,0.8838590469770246,0.2272039755967568,0.16570449849389648,-0.37378276810037747
650,0.8802570743715019,0.2318052751348228,0.1642943612649986,-0.38002784147364704
651,0.8798884294050837,0.23335243817806506,0.16225785431032386,-0.3808088498315355
652,0.881555256873646,0.23261864063884563,0.16124463699247882,-0.37782147126247284
653,0.8765158133400763,0.23789755801751677,0.15994974222760466,-0.3867051341984087
654,0.8828184411970169,0.2303364595776429,0.16190318319012392,-0.37598414134722685
655,0.8759056871749531,0.23947728140537625,0.16128014653631045,-0.3865599218730382
656,0.8784404530694208,0.23919270517586996,0.1599838406031975,-0.3814896996613291
657,0.8770604904937864,0.23711718874151363,0.1619050576296857,-0.38513255787072603
658,0.8763792779731141,0.2328840913402534,0.16401635939873574,-0.3883593632056948
659,0.875541200896233,0.2295715851683205,0.15920193910514835,-0.3941817289038742
660,0.8764901042313537,0.2251389828001705,0.1567865608218599,-0.395595133885477
661,0.8753578272010576,0.22241674775119266,0.15132396406241022,-0.4017219468464025
662,0.8866874913441871,0.21083599041815265,0.15960425979000054,-0.37928875292451647
663,0.8946079154927467,0.21068104789259232,0.17153806526851315,-0.35477438712587084
664,0.9013772737619669,0.20799541102066907,0.18350084415864762,-0.3325422672877101
665,0.9024030958268067,0.20939843787152548,0.18295115836810946,-0.32916533917003915
666,0.9046158238609634,0.2079238296605133,0.19159982056102137,-0.3189473327065779
667,0.9056729282405316,0.20689291197318682,0.19594670875971054,-0.31393750549068355
668,0.902308170151324,0.2049929547665049,0.19958643775248602,-0.3224641196157179
669,0.8921148821838695,0.20284722939327204,0.19726442018430587,-0.352236833739579
670,0.8885883720822523,0.20161692439222337,0.19763650814327915,-0.36152611447551747
671,0.8946534431571829,0.19457614036980006,0.21247038278279728,-0.341455236723528
672,0.8969801269977511,0.18903497870116548,0.22466753423120742,-0.3304798445609315
673,0.8884009433041896,0.18585442543347658,0.22792731298429844,-0.3524926048568622
674,0.8803309079455032,0.180782342794265,0.2345609139413565,-0.37056229530358126
675,0.8836141699479323,0.19346041238764272,0.21586203557775263,-0.36769912850353464
676,0.8854200826831702,0.19700419949617543,0.21166687396639533,-0.3638925075176645
677,0.8848815655029822,0.19611498716399403,0.2138142743837751,-0.36442692396747733
678,0.8836049748977064,0.19672759500842787,0.20688997816572352,-0.3711294095498364
679,0.8831176293470563,0.19612120899942562,0.2019744855140696,-0.37529459271133364
680,0.8829175183224677,0.1984532081663955,0.20099657375326924,-0.3750644709209428
681,0.8833558439539183,0.19722213226392973,0.19784137556886344,-0.376357109153992
682,0.8841048324178042,0.19595273382327288,0.20035135026901127,-0.37392580527165503
683,0.8815449216151171,0.20304721621095784,0.19839825180961823,-0.3772114961695424
684,0.8799910130529259,0.20711644778799168,0.19797406831089165,-0.37884675302581633
685,0.8801366522143211,0.20413276748510933,0.19879703888689618,-0.3796959625774807
686,0.8788108490865565,0.20638058095429002,0.19984638949332098,-0.3809986455871189
687,0.8758330268102058,0.20836892950086464,0.20238352812642493,-0.38540862199779286
688,0.8779651526643141,0.20145756740480747,0.1955709028417699,-0.3877422613078434
689,0.8802348246590056,0.19299610643818335,0.19863157843878457,-0.38533706336679846
690,0.8807277211009348,0.1969200025394152,0.2016684963551631,-0.38061924736155767
691,0.8808953058663017,0.19651028717802657,0.20675823249002834,-0.377701205231759
692,0.8820216666031254,0.20012961491242767,0.20845842204899181,-0.37219753244009146
693,0.883340720024149,0.20277764328307066,0.20870722129061503,-0.3674665910160165
694,0.8841016769962212,0.19892524066658004,0.20522692794247444,-0.3696956605175489
695,0.8869996684553972,0.19218682800402628,0.1995346720814581,-0.3694343323773676
696,0.8861884428815333,0.19272890620833438,0.19739829378692017,-0.37223584731317216
697,0.8843910361453762,0.19478799618270237,0.19263176492465897,-0.3778930204050433
698,0.8850955395979041,0.1935455198324029,0.19856354651159489,-0.37378942672772025
699,0.8840003531509957,0.1953843082327055,0.2040493413033489,-0.37246773556780916
700,0.8844255937563873,0.20047399692173037,0.20382732891214148,-0.36885764958236833
701,0.8830906627336751,0.2040434889252094,0.20555540072016643,-0.36913969341510583
702,0.8796003396699815,0.20863032104870322,0.20867129824697309,-0.37313927812479225
703,0.8746348268306121,0.20778794117727384,0.2086984218375768,-0.3850753951095808
704,0.8761492908813666,0.2086017255445451,0.2085427326117879,-0.38125800826044964
705,0.8764094634945389,0.21212481444461476,0.2111990298716281,-0.3772326671635629
706,0.8785603476650932,0.21819258604185937,0.21592167011346508,-0.3659255980146353
707,0.8666102429048523,0.2262802568126552,0.21927632385394416,-0.38691320223829534
708,0.8592026841562365,0.22294078884119123,0.21289032374520722,-0.408345273347503
709,0.8646876851934786,0.22135838158585638,0.20954278296543383,-0.3992586831661089
710,0.8710419759231446,0.21447261384056446,0.20209741476945392,-0.3929936501214789
711,0.8737903825039123,0.21104543046548094,0.1989294774553863,-0.3903552954971071
712,0.8731971095709705,0.21188587916092175,0.19831774328105478,-0.391537041349877
713,0.8713560120400025,0.21247687918915556,0.20461012531410888,-0.392080314107613
714,0.8710351296416886,0.21040341141522564,0.2066783283173983,-0.39282601237551423
715,0.8710458870495889,0.2148888833715665,0.20277917322132907,-0.39240595989993604
716,0.8699467227409624,0.21674781573317506,0.20264890454193862,-0.3938864118690931
717,0.8718135696970575,0.2174459646267584,0.19878901148810743,-0.39133269869919346
718,0.8739938117070374,0.21201701979917079,0.2004618305234608,-0.3885854538148142
719,0.8756127977166531,0.20833933151451395,0.20006512352233471,-0.3871316284791178
720,0.8712758185672825,0.21699950661912795,0.19926728402694152,-0.3925330707386234
721,0.8689125338589888,0.21631640787650466,0.20294512537268108,-0.39624676184623137
722,0.8676972977492049,0.21964607331607483,0.20529764203857734,-0.3958659875879175
723,0.8667032572805224,0.2259141370008853,0.20858976404889917,-0.3927831168170323
724,0.8659689430447312,0.21522563036323994,0.20279629949601322,-0.4032981262384692
725,0.865765561894558,0.21569827323644436,0.2031834652941882,-0.40328739899885513
726,0.8655790803182482,0.21160054852688373,0.20115574207575285,-0.4068592275081034
727,0.8654106658959319,0.21052466244177784,0.20052529292545204,-0.40808498227023376
728,0.8647199645673437,0.21315539858642882,0.20031452042965336,-0.4082869724068484
729,0.86443684502157,0.21509635145059214,0.2061795031274883,-0.4049351961140194
730,0.8650142542910491,0.21916129659709518,0.21020796613984857,-0.3994136664143184
731,0.8663098472467294,0.2185059450624139,0.2084018952707667,-0.3979083444504302
732,0.8663439236793156,0.21634491634206068,0.20696715239216526,-0.3997595288514753
733,0.8663397234962489,0.22182273267586208,0.2074896473436895,-0.3964822883885831
734,0.868038680871533,0.21735961260448358,0.20547492661622582,-0.39628739804754576
735,0.8657959527662339,0.21787269646376908,0.21063055265770736,-0.398200485429544
736,0.8684868188826645,0.22108775845230097,0.20801222027596003,-0.3918950940053635
737,0.87064682330422,0.21913979543459017,0.20584028356947184,-0.389334864592417
738,0.8729712239891625,0.2159825762745472,0.20376330552342592,-0.3869796947577994
739,0.8722038126462531,0.21731520250162167,0.20345789814209747,-0.3881230418960185
740,0.8693472935321266,0.22025039375134578,0.20642623737655888,-0.391296889590628
741,0.8684737872599825,0.21708176694504516,0.20800664879527572,-0.39415989313891203
742,0.8685938856166124,0.2166081357302579,0.2056446048064819,-0.39539331547066314
743,0.8684064751495914,0.2190656532574209,0.20051926813750184,-0.39707991209171245
744,0.8699176802230864,0.2125119114130419,0.2073964062412075,-0.3937875668696152
745,0.8691265500204768,0.21196936097303615,0.20447787525539565,-0.39733717242315153
746,0.8694545125879278,0.207148420531632,0.20217151608948553,-0.40033118850998584
747,0.8670097327025749,0.20379883506593333,0.19466439209151443,-0.41093300266152816
748,0.8674610942574119,0.20576719775849966,0.19775881054971894,-0.40750774609362744
749,0.8628428508372307,0.21413185157766787,0.19460084362282234,-0.4144638422833602
750,0.8609091346885652,0.21701677093385396,0.19872567875931652,-0.4150268515950238
751,0.8597153832862621,0.21420519271186858,0.2016439972123256,-0.4175467561177579
752,0.8603346331055068,0.21702916725703017,0.20588628985708837,-0.41271478685384644
753,0.857145822833822,0.21552077355391094,0.206902522701526,-0.4195750000476656
754,0.859449491030794,0.2177498329627877,0.20371652742732704,-0.41524831012845603
755,0.8547508569099206,0.21801693442533762,0.21165032228640293,-0.4208012951401126
756,0.8534535383477658,0.21688604965138833,0.2056903299447686,-0.42692972198654244
757,0.8538302559344496,0.21766746913453008,0.20028209668965255,-0.4283478127375895
758,0.853899849703837,0.21516090225686837,0.20107544692363577,-0.42910313149665413
759,0.8531547270822697,0.2176053256922002,0.19788267627884976,-0.4308333556217408
760,0.851979780328738,0.21991636879474977,0.1980181313201081,-0.43192136357862587
761,0.8532355283509891,0.21960939461652831,0.19425904151202644,-0.4313053115214314
762,0.856360452825029,0.21343121028066003,0.19674342067320313,-0.4270666455452253
763,0.8557289347796674,0.2138187054605054,0.19429262743785977,-0.4292550830209728
764,0.8540625967193849,0.2172046175962858,0.19668386587426107,-0.4297844714325402
765,0.8526348101405323,0.22230354135416353,0.19487629236850185,-0.4308343611072852
766,0.854233235607066,0.21991085915785677,0.19412542558882925,-0.42923200294094127
767,0.85380056483027,0.2202003675095331,0.19423830537176617,-0.42989286382828307
768,0.8538692287592192,0.21755513131900237,0.19636614327249785,-0.43013653970709426
769,0.8542011064305545,0.2145723623738078,0.19616075658789842,-0.43106858926741953
770,0.8548071382846274,0.21104483242608854,0.19750208683450177,-0.43099624214128224
771,0.8539529045016042,0.21071903514571486,0.1957151561810303,-0.4336559728189704
772,0.8541983382522508,0.2093931858445912,0.19627873919472755,-0.4335600871725555
773,0.8599281916983521,0.20318580257808685,0.2102556296352771,-0.41836778671376473
774,0.8595749245664802,0.20417373041089085,0.20846818648569862,-0.4195057235485526
775,0.8611835277884453,0.20306637650025292,0.21297918038417823,-0.414447640750661
776,0.8591839546651109,0.20602961322993055,0.20305421444307287,-0.42204705485911487
777,0.858816888736776,0.21096798838179362,0.2050119037227816,-0.41939978401351696
778,0.8572688754047565,0.21415782151150403,0.20756122316706732,-0.4196961298190656
779,0.8540718912248023,0.21482680010754138,0.20992921368265743,-0.42466501600417345
780,0.8586962669633652,0.2172225034130683,0.2085710192568957,-0.4146724430683574
781,0.8623330571742628,0.2168028229293322,0.20659052602927244,-0.40828738534188225
782,0.8687005796748599,0.2175840480697883,0.20335656184238196,-0.395806257724372
783,0.8713758322082394,0.21382682608401057,0.20378448578645783,-0.391732218285636
784,0.8679081740616613,0.22018397418501426,0.20196694733527537,-0.3968170499022391
785,0.8723383159495373,0.21738688102869846,0.20093779548573146,-0.38909228831766185
786,0.8689724025406408,0.2171616825729753,0.20429868672528984,-0.39495545805462995
787,0.8737458472222626,0.20936695014132617,0.20275504104996928,-0.38938935267826136
788,0.8773428883891043,0.20388743621010244,0.20115055060360745,-0.385016656185938
789,0.8775031227500089,0.2035959352220579,0.20250364894923373,-0.3840953486925918
790,0.8779575395404325,0.20245892637267088,0.19995014623491017,-0.3849946505040989
791,0.8759687275183708,0.20592753133630545,0.20397945942696163,-0.385571031561586
792,0.8767368515422628,0.20194896828771622,0.20728718446207983,-0.38416289580472357
793,0.8766280336931874,0.20319768223257342,0.2073659182013502,-0.38371000566448243
794,0.8759510387354927,0.21234208300063726,0.20821006352459617,-0.3798278385956531
795,0.8803865693792363,0.2050528536943901,0.2048587797672831,-0.375374074758375
796,0.87945344970197,0.20738995394211227,0.2038373941339599,-0.37683066961683204
797,0.8787600578996285,0.20386382329868352,0.20836491364443746,-0.3778946479539383
798,0.8785870967751235,0.2072729272472827,0.2093431610147981,-0.37589637926819
799,0.8777820371744716,0.20870726287842348,0.2107327888563722,-0.3762069448275074
800,0.8768297477044852,0.20943692360716512,0.21197440981088625,-0.3773229626669725
801,0.8713599647950512,0.20457920639892577,0.21303865270395886,-0.3917827108431853
802,0.8732880398189683,0.20812470301120112,0.21156273139323578,-0.3863849352537918
803,0.8728545206328621,0.20811923009047087,0.21235276267368638,-0.38693368432094283
804,0.8728729528875868,0.20628605834902725,0.20821274373999354,-0.3901106555740182
805,0.8728208881380478,0.20636030782603954,0.20594631612221095,-0.39138885454179956
806,0.8742932421564086,0.2008836386642129,0.21089317249253833,-0.3883054985867369
807,0.875204926468087,0.20438142301994286,0.2123187342462284,-0.3836213311305993
808,0.8749532412359462,0.2067797864511671,0.21664910677442237,-0.38047616232790044
809,0.8701512264527153,0.2043155390977901,0.21778494457346748,-0.3919970937432401
810,0.8673991680818862,0.2056143236606397,0.2067419265558308,-0.4032359221602326
811,0.866342050293431,0.2103939536725154,0.20758579148874118,-0.40260896080864184
812,0.868211715776593,0.21150346084059438,0.20305107473362308,-0.40030608750084773
813,0.8680492039606547,0.207923123953426,0.20724551506731437,-0.40038462821792453
814,0.8679127317342173,0.20712642312540339,0.20887133203819566,-0.40024854976566077
815,0.8680794396234365,0.2070675065573351,0.20607300939503967,-0.4013664772126095
816,0.8673773118256922,0.210041784137027,0.20193101320323265,-0.40343885999403467
817,0.8656890319907654,0.20920126266011468,0.2069491991510897,-0.40495599830478834
818,0.8645723025427331,0.21327987438143658,0.21025999154680308,-0.40350609018270533
819,0.8676768070829264,0.20994266317306368,0.20539479043465503,-0.40109103292455156
820,0.8668961539640169,0.20950490586411938,0.20754135548749403,-0.40190215030984283
821,0.8660033659390338,0.20709191460276452,0.21080625148556908,-0.4033755488661009
822,0.8647274212474125,0.2042437017387748,0.21099064362064107,-0.40744808938978966
823,0.866992726923561,0.20955465576048057,0.21315483860424717,-0.39871728391223676
824,0.8683652079981725,0.21170841249975078,0.2131406984731479,-0.3945788340363741
825,0.8701768486670226,0.20944639812621382,0.2108465024470429,-0.3930244404127231
826,0.8722158303944882,0.20642079853740783,0.20874262817238406,-0.39122437848901787
827,0.86777385284619,0.21549280142351154,0.20751909861657006,-0.39682139125870247
828,0.8741677549171407,0.20741179259216483,0.2063369289576866,-0.38760309119657627
829,0.8733998400496326,0.2095563785021134,0.20374311760916936,-0.3895479247246111
830,0.8726527884464325,0.20862723846125514,0.2066694880218512,-0.39017881658219516
831,0.8728553511335317,0.20916563575905575,0.2051549564478014,-0.3902367443744499
832,0.8740114801223966,0.2057987497135698,0.20696192254311993,-0.388481106165853
833,0.8692676627059442,0.2172028854159387,0.20831931679452476,-0.3921730477620791
834,0.8717271601587103,0.21535549374248175,0.20749787018455979,-0.3881473990965723
835,0.869525426846898,0.21126891919015997,0.20938959333671298,-0.39426764266577496
836,0.869566600643545,0.21412370900042033,0.2101500210307954,-0.3922268896313579
837,0.8719774802608656,0.21196263192450246,0.20692671517772307,-0.3897543471615259
838,0.8704286757133014,0.21052978451934645,0.21121415210640068,-0.3916882845786941
839,0.8716677662093413,0.21366215828182109,0.21108365276425964,-0.3872821697492261
840,0.8746086671939148,0.21688207676519652,0.20870397252979198,-0.38008485354928717
841,0.8776082116895736,0.2180269347986329,0.2068797231402243,-0.37345530205201977
842,0.8766959020609427,0.2260866239419907,0.20304601238972322,-0.3729094402622372
843,0.8713157878184412,0.22648409665512897,0.20398317132415497,-0.38458369398244063
844,0.8771717218751871,0.2311468430336857,0.20092282536968983,-0.36982553392585193
845,0.8855792493051163,0.22432359293898674,0.20256261445694732,-0.3526991722069908
846,0.8749485540263066,0.22837937933619018,0.20442336535024683,-0.37485860614393207
847,0.8726004822437559,0.22767086153235772,0.20465163256773702,-0.3805943857762993
848,0.8662420574344065,0.23341227112452037,0.20769414910452738,-0.3898801739612392
849,0.8679638716484961,0.23214404451727916,0.2069419245083521,-0.38719878614077813
850,0.8668339441214273,0.2310835518415641,0.20731908438330685,-0.39015138425698914
851,0.8648916675647875,0.22903802894373596,0.2059659345270211,-0.39633573960593116
852,0.8647028001081479,0.23010134986955355,0.2068509732442427,-0.3956704577565116
853,0.8680613021698145,0.22847396920336457,0.19603967174946016,-0.39476279988376545
854,0.8706153205992604,0.2249615236373724,0.19752466638320532,-0.3903911917433623
855,0.8729389185918525,0.21977788577120155,0.20831972547094446,-0.38246335420970473
856,0.8732137139112673,0.2206417724898779,0.20980865544385346,-0.38051983676368134
857,0.8730801537649249,0.21785880428020776,0.2143952470586686,-0.37987269517308786
858,0.875406254244647,0.21717434488816403,0.22121848937663025,-0.3708929413047313
859,0.8775359353668323,0.21803599610051008,0.21983110830822775,-0.3661492460244773
860,0.8783018362871438,0.21804552553214118,0.21736999582330802,-0.3657763224783949
861,0.8782048898676951,0.21881829830687785,0.2204752247024156,-0.3636831024820523
862,0.8806727963383782,0.22191054152389397,0.22065081003308648,-0.3556463937422342
863,0.8808191673573609,0.2227128623512654,0.22090763285003542,-0.35462147863290167
864,0.8813752270144579,0.2224896284889275,0.22045522961452266,-0.35366024112936423
865,0.8822379738692259,0.2192865883567857,0.2188060581617982,-0.35453273268015817
866,0.8833948703659832,0.21311983085790429,0.2179977228885362,-0.35590790033599834
867,0.8829618971066926,0.21447986979435937,0.21725403902978876,-0.3566193436088234
868,0.8823157200196892,0.2163078190235803,0.21718847342634093,-0.3571541188984599
869,0.881373400254077,0.21865842679261005,0.21931267865911053,-0.3567511327193131
870,0.8807495042778173,0.21746160976909193,0.22051361312338982,-0.3582799260610091
871,0.8810025948856623,0.21716472651009688,0.21785417431377838,-0.3594627492503032
872,0.8802257591605743,0.21972303645503505,0.21877251566388498,-0.3592533737507066
873,0.8818285374578342,0.22670311164800233,0.21477979102605976,-0.3533465311289931
874,0.8819543607469352,0.21804899873293507,0.21802910909594903,-0.3564750303988432
875,0.8817513774369656,0.21921714303154616,0.2169753630542035,-0.3569034104860824
876,0.8812555729000773,0.21840261697676813,0.21974248939885146,-0.35693437839895914
877,0.8821984112081128,0.22195700812882369,0.21365576753304505,-0.35610709457163026
878,0.8783881007094837,0.2275153862180128,0.21359288606504134,-0.3620071443886993
879,0.8758197318460699,0.22828883139798525,0.2148781184748143,-0.3669487715863675
880,0.8736202823670547,0.2211181414761386,0.2158972864524811,-0.37587595220963677
881,0.8720349177859272,0.2181572646637401,0.2153049449255248,-0.3815839235700882
882,0.8723636927956168,0.2225735931274193,0.21330496689663636,-0.3793989644576926
883,0.8727845889536382,0.21939201792000274,0.21690998958362687,-0.37823836423193347
884,0.8716920684490926,0.21309572537429466,0.21884465692693586,-0.3832103414114464
885,0.8681787663674466,0.21188850117289282,0.21531214481574892,-0.3937125512277268
886,0.8653694589768449,0.21591283733769512,0.21096606369234747,-0.4000133324191398
887,0.8681856290372245,0.21936157707874304,0.21625322527786628,-0.38906137638126703
888,0.8680464868558043,0.21908105860692956,0.2184742196139029,-0.38828829724968433
889,0.8685045456827569,0.21991615154605534,0.2190875053546616,-0.38644198195205426
890,0.8682704288208763,0.21942618688569748,0.21790679715984476,-0.3879113799510818
891,0.8706949826951844,0.2263329762169123,0.21511042696403773,-0.3799883356072608
892,0.8780466725330953,0.22272059438137165,0.21303464424335025,-0.36612268168481
893,0.8770423974408631,0.2305328334467306,0.20637103694224018,-0.36750815080157034
894,0.8846883037378768,0.22259039799748212,0.2093856456737805,-0.3520479673773095
895,0.8828036242133303,0.22222015762174407,0.21181338600840724,-0.3555433196250912
896,0.8828503111410911,0.22547294643232135,0.2081658392924651,-0.35553377040285467
897,0.8806477960941003,0.23222762732901633,0.20312890080651716,-0.35953920230883835
898,0.8899541930159703,0.21889499115107663,0.2096648615086081,-0.3407450117475516
899,0.8877859283703705,0.21889423689013954,0.2146083666364193,-0.3433142982945671
900,0.8905010562326282,0.21860221866896173,0.2073341416714968,-0.3409303338497836
901,0.8882581594991007,0.21854364566039644,0.2131105352320995,-0.3432492050942304
902,0.8872810426291292,0.22026085792771297,0.21436956769418858,-0.3438941614836169
903,0.8876402933065798,0.22087766384736912,0.21328284931740005,-0.3432465491435985
904,0.8898785321367213,0.2151624932989361,0.21195450850026873,-0.3419014270897231
905,0.8909243689993859,0.2133710596956337,0.21541387748207275,-0.3381174662680811
906,0.8909642614159159,0.21485581610274268,0.22030276546350763,-0.3338957242846135
907,0.8925761445570622,0.22062383826867568,0.22822903872146735,-0.32022562989167863
908,0.894564349582326,0.2180750618775167,0.22607347380324805,-0.31794445471811517
909,0.8931182173287657,0.21761479954719043,0.22623797282332328,-0.3221801181735417
910,0.892848159274933,0.21720377746289105,0.2264451934978565,-0.3230592172914017
911,0.8980389682511699,0.22387202060308078,0.2296336347399394,-0.3011241001474176
912,0.8980137019342951,0.22541961954539141,0.22942620689399193,-0.3002016020152279
913,0.9082469045057235,0.21523945392806906,0.22708582751246897,-0.2778337000284428
914,0.9124091526269394,0.20511370657149394,0.22980096191910807,-0.26949846656362636
915,0.9142323998025617,0.19870185383141237,0.23562610276220639,-0.26301526977022355
916,0.9127777662659117,0.20382198155909392,0.23295157002638392,-0.26650875270088165
917,0.9128910586106658,0.20415044989250247,0.23266873419640965,-0.2661160818981583
918,0.9140816645813438,0.20108039049974125,0.23085250429651438,-0.26594831883788866
919,0.9132468421744154,0.2020714463505064,0.2361555539459926,-0.26339683021770416
920,0.9131204815653542,0.1977863477656403,0.23848626044287247,-0.2649827359722883
921,0.9126231096372157,0.1962226892995812,0.24100780898739277,-0.2655766404773484
922,0.9130053426027779,0.19061400965437014,0.24730041388399898,-0.2625453275056915
923,0.9185250661520749,0.19180777977416263,0.25089879651992597,-0.23784716179363136
924,0.9175802704807076,0.1910535041881484,0.2449341388214432,-0.24809730631705512
925,0.9183353151364998,0.1915022436854432,0.2488480120756133,-0.2409601762171542
926,0.9186110255534088,0.19075276846424036,0.24654687485054833,-0.24286169635488125
927,0.9183224389405019,0.19774902226439256,0.24292222829330765,-0.2420082918679833
928,0.914894053234963,0.20049400722632535,0.24631823231179648,-0.24919541097785655
929,0.9171272102495053,0.20080169818907476,0.24499981335862614,-0.241932737922303
930,0.9182623606949218,0.2021662757486601,0.2445155587257005,-0.23692862938438813
931,0.9177332022183513,0.20161607482194094,0.24489191638312904,-0.23904952877937818
932,0.9187080504044332,0.2043827105887012,0.24425911015620477,-0.2335395316433602
933,0.9191186527029904,0.20081123557464764,0.2442738017017751,-0.23500225471808842
934,0.9164535301274854,0.20231847947103768,0.24753079007264225,-0.2406421990163219
935,0.9162890219173342,0.2014908505942169,0.24727077270215905,-0.24222516468746805
936,0.915291722019897,0.20148004516677478,0.2497270465467502,-0.24348153364163663
937,0.915157182392103,0.20105358284145528,0.25012825412118955,-0.24392754012830753
938,0.9162863760604312,0.20323011561493126,0.24928846932295898,-0.23868819873592376
939,0.9175137166311758,0.20201747630058123,0.24754224095379698,-0.23681291773541988
940,0.917770328772879,0.2076289420348822,0.24576580405728352,-0.23278104650008316
941,0.9168580394604152,0.21213575222883,0.24533361151116564,-0.23276850552856324
942,0.9120378229303077,0.2101137482854833,0.24717519255715445,-0.25088572400657405
943,0.9134454066103539,0.2066938769236701,0.24183393549199425,-0.2537941646869799
944,0.9164862777243724,0.1977977378691155,0.2416693181247446,-0.250049791669392
945,0.9186396997724908,0.19225780735901626,0.23993629157569968,-0.24813023494993958
946,0.9180405316283894,0.1928974063877125,0.23623396489437026,-0.2533489426199434
947,0.909516460544773,0.20716746757904125,0.22564963724190817,-0.28096919686611677
948,0.9149061333034713,0.19772445523456755,0.2294338735607645,-0.2668555877413615
949,0.9122156356430594,0.20163752947397834,0.2203730721743034,-0.2804294026246516
950,0.9099305662164944,0.20495043500950977,0.21011340999498737,-0.2930427252033748
951,0.9071335334446227,0.2071861796839294,0.2155919729677252,-0.29614648510515224
952,0.9013403070308604,0.21550308872238758,0.2171794506484007,-0.30655693743362605
953,0.9002683390085805,0.22210767049812977,0.2124300635781858,-0.3083156962802793
954,0.8920440270565707,0.22547840153283996,0.21818319518727655,-0.32528915993737345
955,0.8903575496768219,0.22788646173645802,0.21930886337395883,-0.32746727582515134
956,0.8861670577121891,0.2218346238868962,0.21571250285693389,-0.34491370164416263
957,0.8849788180504138,0.2207127991695166,0.21258046828210672,-0.3505822248628838
958,0.886234136597579,0.21386189640224335,0.21602762186353977,-0.34954858172843895
959,0.888318590814207,0.20317731301324377,0.22154764334805122,-0.347168118377112
960,0.8991420105873671,0.19960046295400252,0.23529236853217375,-0.3103881461911431
961,0.8972574620335282,0.20059578623645832,0.23264054004632892,-0.3171257739387978
962,0.8996362275570489,0.19225138272119752,0.24418309877523933,-0.30670617564899294
963,0.8947242830889571,0.1897696441657979,0.24450457313893625,-0.3219836224379816
964,0.8936947363138003,0.18890703954538338,0.24445192966407822,-0.3253722526256883
965,0.8991957157971099,0.18622095601228839,0.25188642703375114,-0.3054865759901133
966,0.8974208673776214,0.17612611854287225,0.2657857816907562,-0.3049152266011876
967,0.8911130299531241,0.1762410239364557,0.26327875922267185,-0.32487068853893597
968,0.8858099113614373,0.17429388288522346,0.2648333770070443,-0.33885944836418463
969,0.8854247276031153,0.1782618532699102,0.25980045697858944,-0.3416862390724014
970,0.8834417795569877,0.1811371551709271,0.25529159234400517,-0.34863470284558373
971,0.881154248415656,0.17811691058203377,0.2577555760071185,-0.35412373501502353
972,0.8753608529277123,0.17640129312402458,0.2555299597474296,-0.3705811660315687
973,0.8796388320875312,0.17242089254339957,0.2621304156256686,-0.3574831549907437
974,0.8832237250912512,0.17810328279101362,0.25881728451732766,-0.3481503774665116
975,0.8819571969193345,0.1765750851288281,0.25874145586096314,-0.35217268652308464
976,0.8803035538167722,0.1750981759890791,0.25697018399254806,-0.35829123132124585
977,0.8792959330872558,0.1872640684264619,0.2451763442523936,-0.36284899193964065
978,0.8786945945524339,0.1863271498727217,0.24836675441248768,-0.36261819869836853
979,0.8777530773243207,0.18729197655933177,0.25018827100828145,-0.3631488397531658
980,0.8769759742572938,0.18453074373074052,0.2521769147344748,-0.36505937718219417
981,0.8779614793348208,0.1847564331166947,0.24668197200382366,-0.3663286856287866
982,0.8773312770999493,0.18643226312580397,0.25021689137927616,-0.36458791636099863
983,0.8767728826330347,0.18892811954871672,0.250662556456895,-0.36434017169897476
984,0.8787980986105478,0.18636297066186583,0.24691828443757113,-0.36333745451711574
985,0.8778564883894561,0.18738929798431284,0.24924948232863894,-0.3634940609588893
986,0.8776487416981206,0.18885967991496067,0.24896505543086123,-0.3634296474868723
987,0.877517229475321,0.18464651985228692,0.2506636149628869,-0.364742274509185
988,0.8786088465488205,0.18695214489164746,0.2445230284439216,-0.36510803722621143
989,0.8765216912606041,0.19164722614839147,0.2437769371199721,-0.36817641204683776
990,0.8780804657457739,0.1922889717995799,0.24087102583588077,-0.366033872630274
991,0.8767472949834867,0.18919485100737538,0.24571732148868525,-0.3676173105443515
992,0.8782013620195025,0.18736883958181969,0.24318504371060404,-0.36676466598668495
993,0.8752696696371749,0.19006968940207955,0.2502349754427884,-0.3676397362214466
994,0.875070633212879,0.19029671728814757,0.2507532639281104,-0.36764296118267425
995,0.8762946183930045,0.1929883670474025,0.24988378464976646,-0.3638974115447167
996,0.8777918674263213,0.19515960101064406,0.24838653965811078,-0.3601364943049338
997,0.8761545568198907,0.19135267663680539,0.24959608273416797,-0.3652932263147366
998,0.8761046084691697,0.18886740579714018,0.2495074494410979,-0.3667640259348497
999,0.8766860435533561,0.1887535251170628,0.24714364282414716,-0.3670336600453095
